Position(m)	Bending_Moment(Nm)
0	4.03123e+06
0.1	4.03088e+06
0.2	4.02983e+06
0.3	4.02807e+06
0.4	329886
0.5	326741
0.6	322901
0.7	318368
0.8	313141
0.9	307222
1	300612
1.1	293310
1.2	285317
1.3	276634
1.4	267262
1.5	257202
1.6	246453
1.7	235016
1.8	222893
1.9	210083
2	196587
2.1	182407
2.2	167542
2.3	151993
2.4	135761
2.5	118846
2.6	101249
2.7	82971
2.8	64012
2.9	44372.8
3	24054
3.1	3056.32
3.2	-18619.7
3.3	-40973.5
3.4	-64004.4
3.5	-87711.8
3.6	-112095
3.7	-137154
3.8	-162887
3.9	-189294
4	-216375
4.1	-244128
4.2	-272554
4.3	-301651
4.4	-331419
4.5	-361858
4.6	-392966
4.7	-424744
4.8	-457190
4.9	-490304
5	-524085
5.1	-558533
5.2	-593647
5.3	-629426
5.4	-1.4297e+06
5.5	-1.46649e+06
5.6	-1.50331e+06
5.7	-1.54016e+06
5.8	-1.57703e+06
5.9	-1.61392e+06
6	-1.65085e+06
6.1	-1.68779e+06
6.2	-1.72476e+06
6.3	-1.76175e+06
6.4	-1.79876e+06
6.5	-1.83579e+06
6.6	-1.87285e+06
6.7	-1.90992e+06
6.8	-1.94701e+06
6.9	-1.98411e+06
7	-2.02124e+06
7.1	-2.05838e+06
7.2	-2.09553e+06
7.3	-2.1327e+06
7.4	-2.16989e+06
7.5	-2.20708e+06
7.6	-2.24429e+06
7.7	-2.28151e+06
7.8	-2.31874e+06
7.9	-2.35598e+06
8	-2.39323e+06
8.1	-2.43049e+06
8.2	-2.46775e+06
8.3	-2.50502e+06
8.4	-2.5423e+06
8.5	-2.57958e+06
8.6	-2.61686e+06
8.7	-2.65415e+06
8.8	-2.69145e+06
8.9	-2.72874e+06
9	-2.76603e+06
9.1	-2.80333e+06
9.2	-2.84062e+06
9.3	-2.87792e+06
9.4	-2.91521e+06
9.5	-2.9525e+06
9.6	-2.98978e+06
9.7	-3.02706e+06
9.8	-3.06434e+06
9.9	-3.10161e+06
10	-3.13887e+06
10.1	-3.17613e+06
10.2	-3.21337e+06
10.3	-3.25061e+06
10.4	-3.28784e+06
10.5	-3.32506e+06
10.6	-3.36226e+06
10.7	-3.39945e+06
10.8	-3.43664e+06
10.9	-3.4738e+06
11	-3.51095e+06
11.1	-3.54809e+06
11.2	-3.58521e+06
11.3	-3.62232e+06
11.4	-3.6594e+06
11.5	-3.69647e+06
11.6	-3.73352e+06
11.7	-3.77055e+06
11.8	-3.80755e+06
11.9	-3.84454e+06
12	-3.8815e+06
12.1	-3.91844e+06
12.2	-3.95536e+06
12.3	-3.99225e+06
12.4	-4.02912e+06
12.5	-4.06596e+06
12.6	-4.10277e+06
12.7	-4.13955e+06
12.8	-4.17631e+06
12.9	-4.21304e+06
13	-4.24973e+06
13.1	-4.2864e+06
13.2	-4.32303e+06
13.3	-4.35963e+06
13.4	-4.3962e+06
13.5	-4.43273e+06
13.6	-4.46923e+06
13.7	-4.5057e+06
13.8	-4.54212e+06
13.9	-4.57851e+06
14	-4.61486e+06
14.1	-4.65117e+06
14.2	-4.68745e+06
14.3	-4.72368e+06
14.4	-4.75987e+06
14.5	-4.79602e+06
14.6	-4.83212e+06
14.7	-4.86819e+06
14.8	-4.9042e+06
14.9	-4.94018e+06
15	-4.9761e+06
15.1	-5.01199e+06
15.2	-5.04782e+06
15.3	-5.0836e+06
15.4	-5.11934e+06
15.5	-5.15502e+06
15.6	-5.19066e+06
15.7	-5.22624e+06
15.8	-5.26178e+06
15.9	-5.29725e+06
16	-5.33268e+06
16.1	-5.36805e+06
16.2	-5.40337e+06
16.3	-5.43862e+06
16.4	-5.47383e+06
16.5	-5.50897e+06
16.6	-5.54406e+06
16.7	-5.57909e+06
16.8	-5.61405e+06
16.9	-5.64896e+06
17	-5.6838e+06
17.1	-5.71859e+06
17.2	-5.75331e+06
17.3	-5.78796e+06
17.4	-1.28457e+07
17.5	-1.28802e+07
17.6	-1.29146e+07
17.7	-1.2949e+07
17.8	-1.29833e+07
17.9	-1.30176e+07
18	-1.30518e+07
18.1	-1.30859e+07
18.2	-1.31199e+07
18.3	-1.31539e+07
18.4	-1.31878e+07
18.5	-1.32216e+07
18.6	-1.32553e+07
18.7	-1.3289e+07
18.8	-1.33225e+07
18.9	-1.3356e+07
19	-1.33895e+07
19.1	-1.34228e+07
19.2	-1.3456e+07
19.3	-1.34892e+07
19.4	-1.35223e+07
19.5	-1.35552e+07
19.6	-1.35881e+07
19.7	-1.36209e+07
19.8	-1.36537e+07
19.9	-1.36863e+07
20	-1.37188e+07
20.1	-1.37513e+07
20.2	-1.37836e+07
20.3	-1.38158e+07
20.4	-1.3848e+07
20.5	-1.388e+07
20.6	-1.3912e+07
20.7	-1.39439e+07
20.8	-1.39756e+07
20.9	-1.40072e+07
21	-1.40388e+07
21.1	-1.40702e+07
21.2	-1.41016e+07
21.3	-1.41328e+07
21.4	-1.41639e+07
21.5	-1.41949e+07
21.6	-1.42258e+07
21.7	-1.42566e+07
21.8	-1.42873e+07
21.9	-1.43178e+07
22	-1.43483e+07
22.1	-1.43786e+07
22.2	-1.44088e+07
22.3	-1.44389e+07
22.4	-1.44689e+07
22.5	-1.44987e+07
22.6	-1.45285e+07
22.7	-1.45581e+07
22.8	-1.45876e+07
22.9	-1.46169e+07
23	-1.46462e+07
23.1	-1.46753e+07
23.2	-1.47042e+07
23.3	-1.47331e+07
23.4	-1.47618e+07
23.5	-1.47904e+07
23.6	-1.48189e+07
23.7	-1.48472e+07
23.8	-1.48754e+07
23.9	-1.49034e+07
24	-1.49313e+07
24.1	-1.49591e+07
24.2	-1.49868e+07
24.3	-1.50143e+07
24.4	-1.50416e+07
24.5	-1.50688e+07
24.6	-1.50959e+07
24.7	-1.51229e+07
24.8	-1.51496e+07
24.9	-1.51763e+07
25	-1.52028e+07
25.1	-1.52291e+07
25.2	-1.52553e+07
25.3	-1.52813e+07
25.4	-1.53072e+07
25.5	-1.5333e+07
25.6	-1.53585e+07
25.7	-1.5384e+07
25.8	-1.54092e+07
25.9	-1.54344e+07
26	-1.54593e+07
26.1	-1.54841e+07
26.2	-1.55087e+07
26.3	-1.55332e+07
26.4	-1.55575e+07
26.5	-1.55816e+07
26.6	-1.56056e+07
26.7	-1.56294e+07
26.8	-1.56531e+07
26.9	-1.56766e+07
27	-1.56999e+07
27.1	-1.5723e+07
27.2	-1.5746e+07
27.3	-1.57688e+07
27.4	-1.57914e+07
27.5	-1.58138e+07
27.6	-1.58361e+07
27.7	-1.58582e+07
27.8	-1.58801e+07
27.9	-1.59018e+07
28	-1.59234e+07
28.1	-1.59447e+07
28.2	-1.59659e+07
28.3	-1.59869e+07
28.4	-1.60077e+07
28.5	-1.60284e+07
28.6	-1.60488e+07
28.7	-1.60691e+07
28.8	-1.60891e+07
28.9	-1.6109e+07
29	-1.61287e+07
29.1	-1.61482e+07
29.2	-1.61675e+07
29.3	-1.61866e+07
29.4	-1.62055e+07
29.5	-1.62242e+07
29.6	-1.62427e+07
29.7	-1.6261e+07
29.8	-1.62791e+07
29.9	-1.6297e+07
30	-1.63147e+07
30.1	-1.63322e+07
30.2	-1.63495e+07
30.3	-1.63666e+07
30.4	-1.63835e+07
30.5	-1.64002e+07
30.6	-1.64167e+07
30.7	-1.64329e+07
30.8	-1.6449e+07
30.9	-1.64648e+07
31	-1.64804e+07
31.1	-1.64959e+07
31.2	-1.6511e+07
31.3	-1.6526e+07
31.4	-1.65408e+07
31.5	-1.65553e+07
31.6	-1.65696e+07
31.7	-1.65837e+07
31.8	-1.65976e+07
31.9	-1.66113e+07
32	-1.66247e+07
32.1	-1.66379e+07
32.2	-1.66509e+07
32.3	-1.66636e+07
32.4	-1.66761e+07
32.5	-1.66884e+07
32.6	-1.67005e+07
32.7	-1.67123e+07
32.8	-1.67239e+07
32.9	-1.67353e+07
33	-1.67464e+07
33.1	-1.67573e+07
33.2	-1.67679e+07
33.3	-1.67783e+07
33.4	-1.67885e+07
33.5	-1.67984e+07
33.6	-1.68081e+07
33.7	-1.68176e+07
33.8	-1.68268e+07
33.9	-1.68357e+07
34	-1.68444e+07
34.1	-1.68529e+07
34.2	-1.68611e+07
34.3	-1.68691e+07
34.4	-1.68768e+07
34.5	-1.68842e+07
34.6	-1.68914e+07
34.7	-1.68984e+07
34.8	-1.69051e+07
34.9	-1.69115e+07
35	-1.69177e+07
35.1	-1.69237e+07
35.2	-1.69293e+07
35.3	-1.69347e+07
35.4	-1.69399e+07
35.5	-1.69448e+07
35.6	-1.69494e+07
35.7	-1.69537e+07
35.8	-1.69578e+07
35.9	-1.69616e+07
36	-1.69652e+07
36.1	-1.69685e+07
36.2	-1.69715e+07
36.3	-1.69742e+07
36.4	-1.69767e+07
36.5	-1.69789e+07
36.6	-1.69808e+07
36.7	-1.69824e+07
36.8	-1.69838e+07
36.9	-1.69849e+07
37	-1.69857e+07
37.1	-1.69862e+07
37.2	-1.69865e+07
37.3	-1.69865e+07
37.4	-1.69861e+07
37.5	-1.69855e+07
37.6	-1.69846e+07
37.7	-1.69835e+07
37.8	-1.6982e+07
37.9	-1.69802e+07
38	-1.69782e+07
38.1	-1.69759e+07
38.2	-1.69732e+07
38.3	-1.69703e+07
38.4	-1.69671e+07
38.5	-1.69636e+07
38.6	-1.69598e+07
38.7	-1.69557e+07
38.8	-1.69513e+07
38.9	-1.69466e+07
39	-1.69416e+07
39.1	-1.69363e+07
39.2	-1.69306e+07
39.3	-1.69247e+07
39.4	-1.69185e+07
39.5	-1.6912e+07
39.6	-1.69051e+07
39.7	-1.6898e+07
39.8	-1.68905e+07
39.9	-1.68828e+07
40	-1.68747e+07
40.1	-1.68663e+07
40.2	-1.68576e+07
40.3	-1.68486e+07
40.4	-1.68392e+07
40.5	-1.68296e+07
40.6	-1.68196e+07
40.7	-1.68093e+07
40.8	-1.67987e+07
40.9	-1.67878e+07
41	-1.67765e+07
41.1	-1.67649e+07
41.2	-1.6753e+07
41.3	-1.67408e+07
41.4	-1.67282e+07
41.5	-1.67153e+07
41.6	-1.67021e+07
41.7	-1.66886e+07
41.8	-1.66747e+07
41.9	-1.66605e+07
42	-1.66459e+07
42.1	-1.6631e+07
42.2	-1.66158e+07
42.3	-1.66002e+07
42.4	-1.65843e+07
42.5	-1.65681e+07
42.6	-1.65515e+07
42.7	-1.65346e+07
42.8	-1.65174e+07
42.9	-1.64997e+07
43	-1.64818e+07
43.1	-1.64635e+07
43.2	-1.64449e+07
43.3	-1.64259e+07
43.4	-1.64065e+07
43.5	-1.63868e+07
43.6	-1.63668e+07
43.7	-1.63464e+07
43.8	-1.63256e+07
43.9	-1.63045e+07
44	-1.62831e+07
44.1	-1.62613e+07
44.2	-1.62391e+07
44.3	-1.62165e+07
44.4	-1.61936e+07
44.5	-1.61704e+07
44.6	-1.61468e+07
44.7	-1.61228e+07
44.8	-1.60984e+07
44.9	-1.60737e+07
45	-1.60486e+07
45.1	-1.60232e+07
45.2	-1.59974e+07
45.3	-1.59712e+07
45.4	-1.59446e+07
45.5	-1.59177e+07
45.6	-1.58904e+07
45.7	-1.58627e+07
45.8	-1.58346e+07
45.9	-1.58062e+07
46	-1.57774e+07
46.1	-1.57482e+07
46.2	-1.57186e+07
46.3	-1.56887e+07
46.4	-1.56584e+07
46.5	-1.56276e+07
46.6	-1.55965e+07
46.7	-1.55651e+07
46.8	-1.55332e+07
46.9	-1.55009e+07
47	-1.54683e+07
47.1	-1.54352e+07
47.2	-1.54018e+07
47.3	-1.5368e+07
47.4	-6.76347e+06
47.5	-6.72886e+06
47.6	-6.69385e+06
47.7	-6.65845e+06
47.8	-6.62265e+06
47.9	-6.58646e+06
48	-6.54986e+06
48.1	-6.51287e+06
48.2	-6.47548e+06
48.3	-6.43769e+06
48.4	-6.39949e+06
48.5	-6.3609e+06
48.6	-6.3219e+06
48.7	-6.2825e+06
48.8	-6.2427e+06
48.9	-6.20249e+06
49	-6.16188e+06
49.1	-6.12086e+06
49.2	-6.07944e+06
49.3	-6.0376e+06
49.4	-5.99536e+06
49.5	-5.95271e+06
49.6	-5.90965e+06
49.7	-5.86618e+06
49.8	-5.8223e+06
49.9	-5.77801e+06
50	-5.7333e+06
50.1	-5.68818e+06
50.2	-5.64265e+06
50.3	-5.5967e+06
50.4	-5.55034e+06
50.5	-5.50356e+06
50.6	-5.45636e+06
50.7	-5.40875e+06
50.8	-5.36071e+06
50.9	-5.31226e+06
51	-5.26339e+06
51.1	-5.2141e+06
51.2	-5.16439e+06
51.3	-5.11425e+06
51.4	-5.06369e+06
51.5	-5.01271e+06
51.6	-4.96131e+06
51.7	-4.90947e+06
51.8	-4.85722e+06
51.9	-4.80454e+06
52	-4.75143e+06
52.1	-4.69789e+06
52.2	-4.64392e+06
52.3	-4.58953e+06
52.4	-4.5347e+06
52.5	-4.47944e+06
52.6	-4.42376e+06
52.7	-4.36763e+06
52.8	-4.31108e+06
52.9	-4.25409e+06
53	-4.19667e+06
53.1	-4.13882e+06
53.2	-4.08052e+06
53.3	-4.0218e+06
53.4	-3.96263e+06
53.5	-3.90302e+06
53.6	-3.84298e+06
53.7	-3.7825e+06
53.8	-3.72158e+06
53.9	-3.66021e+06
54	-3.59841e+06
54.1	-3.53616e+06
54.2	-3.47347e+06
54.3	-3.41033e+06
54.4	-3.34675e+06
54.5	-3.28273e+06
54.6	-3.21826e+06
54.7	-3.15334e+06
54.8	-3.08797e+06
54.9	-3.02216e+06
55	-2.95589e+06
55.1	-2.88918e+06
55.2	-2.82202e+06
55.3	-2.7544e+06
55.4	-2.68634e+06
55.5	-2.61782e+06
55.6	-2.54885e+06
55.7	-2.47942e+06
55.8	-2.40954e+06
55.9	-2.3392e+06
56	-2.26841e+06
56.1	-2.19716e+06
56.2	-2.12545e+06
56.3	-2.05329e+06
56.4	-1.98066e+06
56.5	-1.90758e+06
56.6	-1.83403e+06
56.7	-1.76002e+06
56.8	-1.68555e+06
56.9	-1.61062e+06
57	-1.53522e+06
57.1	-1.45936e+06
57.2	-1.38304e+06
57.3	-1.30625e+06
57.4	-1.22899e+06
57.5	-1.15127e+06
57.6	-1.07307e+06
57.7	-994411
57.8	-915280
57.9	-835679
58	-755607
58.1	-675064
58.2	-594048
58.3	-512559
58.4	-430597
58.5	-348159
58.6	-265247
58.7	-181859
58.8	-97993.7
58.9	-13651.2
59	71169.4
59.1	156469
59.2	242248
59.3	328508
59.4	415248
59.5	502470
59.6	590175
59.7	678364
59.8	767036
59.9	856193
60	945835
60.1	1.03596e+06
60.2	1.12658e+06
60.3	1.21768e+06
60.4	1.30927e+06
60.5	1.40135e+06
60.6	1.49392e+06
60.7	1.58698e+06
60.8	1.68054e+06
60.9	1.77458e+06
61	1.86912e+06
61.1	1.96415e+06
61.2	2.05967e+06
61.3	2.15569e+06
61.4	2.25221e+06
61.5	2.34922e+06
61.6	2.44673e+06
61.7	2.54473e+06
61.8	2.64324e+06
61.9	2.74224e+06
62	2.84175e+06
62.1	2.94175e+06
62.2	3.04226e+06
62.3	3.14327e+06
62.4	3.24478e+06
62.5	3.34679e+06
62.6	3.44931e+06
62.7	3.55234e+06
62.8	3.65587e+06
62.9	3.75991e+06
63	3.86445e+06
63.1	3.96951e+06
63.2	4.07507e+06
63.3	4.18114e+06
63.4	4.28772e+06
63.5	4.39481e+06
63.6	4.50241e+06
63.7	4.61053e+06
63.8	4.71916e+06
63.9	4.8283e+06
64	4.93796e+06
64.1	5.04814e+06
64.2	5.15882e+06
64.3	5.27003e+06
64.4	5.38175e+06
64.5	5.494e+06
64.6	5.60676e+06
64.7	5.72004e+06
64.8	5.83384e+06
64.9	5.94816e+06
65	6.063e+06
65.1	6.17837e+06
65.2	6.29426e+06
65.3	6.41068e+06
65.4	6.52761e+06
65.5	6.64508e+06
65.6	6.76307e+06
65.7	6.88159e+06
65.8	7.00063e+06
65.9	7.12021e+06
66	7.24031e+06
66.1	7.36094e+06
66.2	7.48211e+06
66.3	7.6038e+06
66.4	7.72603e+06
66.5	7.84879e+06
66.6	7.97208e+06
66.7	8.09591e+06
66.8	8.22027e+06
66.9	8.34517e+06
67	8.47061e+06
67.1	8.59658e+06
67.2	8.72309e+06
67.3	8.85014e+06
67.4	8.97772e+06
67.5	9.10585e+06
67.6	9.23452e+06
67.7	9.36373e+06
67.8	9.49349e+06
67.9	9.62378e+06
68	9.75462e+06
68.1	9.88601e+06
68.2	1.00179e+07
68.3	1.01504e+07
68.4	1.02834e+07
68.5	1.0417e+07
68.6	1.05511e+07
68.7	1.06858e+07
68.8	1.0821e+07
68.9	1.09568e+07
69	1.10931e+07
69.1	1.123e+07
69.2	1.13674e+07
69.3	1.15054e+07
69.4	1.16439e+07
69.5	1.1783e+07
69.6	1.19226e+07
69.7	1.20628e+07
69.8	1.22036e+07
69.9	1.23449e+07
70	1.24867e+07
70.1	1.26292e+07
70.2	1.27721e+07
70.3	1.29157e+07
70.4	1.30598e+07
70.5	1.32045e+07
70.6	1.33497e+07
70.7	1.34955e+07
70.8	1.36419e+07
70.9	1.37888e+07
71	1.39363e+07
71.1	1.40843e+07
71.2	1.4233e+07
71.3	1.43822e+07
71.4	1.45319e+07
71.5	1.46822e+07
71.6	1.48331e+07
71.7	1.49846e+07
71.8	1.51367e+07
71.9	1.52893e+07
72	1.54425e+07
72.1	1.55962e+07
72.2	1.57506e+07
72.3	1.59055e+07
72.4	1.6061e+07
72.5	1.6217e+07
72.6	1.63737e+07
72.7	1.65309e+07
72.8	1.66887e+07
72.9	1.68471e+07
73	1.7006e+07
73.1	1.71656e+07
73.2	1.73257e+07
73.3	1.74864e+07
73.4	1.76477e+07
73.5	1.78095e+07
73.6	1.7972e+07
73.7	1.8135e+07
73.8	1.82986e+07
73.9	1.84629e+07
74	1.86277e+07
74.1	1.8793e+07
74.2	1.8959e+07
74.3	1.91256e+07
74.4	1.92927e+07
74.5	1.94605e+07
74.6	1.96288e+07
74.7	1.97978e+07
74.8	1.99673e+07
74.9	2.01374e+07
75	2.03081e+07
75.1	2.04794e+07
75.2	2.06513e+07
75.3	2.08238e+07
75.4	2.09969e+07
75.5	2.11706e+07
75.6	2.13449e+07
75.7	2.15198e+07
75.8	2.16953e+07
75.9	2.18714e+07
76	2.20481e+07
76.1	2.22255e+07
76.2	2.24034e+07
76.3	2.25819e+07
76.4	2.2761e+07
76.5	2.29407e+07
76.6	2.3121e+07
76.7	2.3302e+07
76.8	2.34835e+07
76.9	2.36657e+07
77	2.38484e+07
77.1	2.40318e+07
77.2	2.42158e+07
77.3	2.44004e+07
77.4	2.45856e+07
77.5	2.47714e+07
77.6	2.49579e+07
77.7	2.51449e+07
77.8	2.53326e+07
77.9	2.55209e+07
78	2.57098e+07
78.1	2.58993e+07
78.2	2.60894e+07
78.3	2.62802e+07
78.4	2.64715e+07
78.5	2.66635e+07
78.6	2.68561e+07
78.7	2.70494e+07
78.8	2.72432e+07
78.9	2.74377e+07
79	2.76328e+07
79.1	2.78285e+07
79.2	2.80249e+07
79.3	2.82219e+07
79.4	2.84195e+07
79.5	2.86177e+07
79.6	2.88166e+07
79.7	2.90161e+07
79.8	2.92162e+07
79.9	2.94169e+07
80	2.96183e+07
80.1	2.98203e+07
80.2	3.0023e+07
80.3	3.02263e+07
80.4	3.04302e+07
80.5	3.06347e+07
80.6	3.08399e+07
80.7	3.10457e+07
80.8	3.12522e+07
80.9	3.14593e+07
81	3.16664e+07
81.1	3.1873e+07
81.2	3.20791e+07
81.3	3.22846e+07
81.4	3.24895e+07
81.5	3.26939e+07
81.6	3.28978e+07
81.7	3.31011e+07
81.8	3.33039e+07
81.9	3.35061e+07
82	3.37078e+07
82.1	3.39089e+07
82.2	3.41095e+07
82.3	3.43096e+07
82.4	3.45091e+07
82.5	3.47081e+07
82.6	3.49065e+07
82.7	3.51044e+07
82.8	3.53018e+07
82.9	3.54987e+07
83	3.5695e+07
83.1	3.58907e+07
83.2	3.6086e+07
83.3	3.62807e+07
83.4	3.64748e+07
83.5	3.66685e+07
83.6	3.68616e+07
83.7	3.70542e+07
83.8	3.72462e+07
83.9	3.74377e+07
84	3.76287e+07
84.1	3.78192e+07
84.2	3.80091e+07
84.3	3.81985e+07
84.4	3.83874e+07
84.5	3.85758e+07
84.6	3.87636e+07
84.7	3.89509e+07
84.8	3.91377e+07
84.9	3.9324e+07
85	3.95098e+07
85.1	3.9695e+07
85.2	3.98797e+07
85.3	4.00639e+07
85.4	4.02476e+07
85.5	4.04308e+07
85.6	4.06134e+07
85.7	4.07955e+07
85.8	4.09772e+07
85.9	4.11583e+07
86	4.13388e+07
86.1	4.15189e+07
86.2	4.16985e+07
86.3	4.18775e+07
86.4	4.20561e+07
86.5	4.22341e+07
86.6	4.24116e+07
86.7	4.25887e+07
86.8	4.27652e+07
86.9	4.29412e+07
87	4.31167e+07
87.1	4.32917e+07
87.2	4.34662e+07
87.3	4.36401e+07
87.4	4.38136e+07
87.5	4.39866e+07
87.6	4.41591e+07
87.7	4.43311e+07
87.8	4.45025e+07
87.9	4.46735e+07
88	4.4844e+07
88.1	4.5014e+07
88.2	4.51835e+07
88.3	4.53525e+07
88.4	4.55209e+07
88.5	4.56889e+07
88.6	4.58564e+07
88.7	4.60235e+07
88.8	4.619e+07
88.9	4.6356e+07
89	4.65215e+07
89.1	4.66866e+07
89.2	4.68511e+07
89.3	4.70152e+07
89.4	4.71788e+07
89.5	4.73419e+07
89.6	4.75045e+07
89.7	4.76666e+07
89.8	4.78282e+07
89.9	4.79893e+07
90	4.815e+07
90.1	4.83102e+07
90.2	4.84699e+07
90.3	4.86291e+07
90.4	4.87878e+07
90.5	4.89461e+07
90.6	4.91038e+07
90.7	4.92611e+07
90.8	4.9418e+07
90.9	4.95743e+07
91	4.97301e+07
91.1	4.98855e+07
91.2	5.00404e+07
91.3	5.01949e+07
91.4	5.03488e+07
91.5	5.05023e+07
91.6	5.06553e+07
91.7	5.08079e+07
91.8	5.096e+07
91.9	5.11116e+07
92	5.12627e+07
92.1	5.14134e+07
92.2	5.15636e+07
92.3	5.17133e+07
92.4	5.18625e+07
92.5	5.20113e+07
92.6	5.21597e+07
92.7	5.23075e+07
92.8	5.24549e+07
92.9	5.26019e+07
93	5.27484e+07
93.1	5.28944e+07
93.2	5.30399e+07
93.3	5.3185e+07
93.4	5.33297e+07
93.5	5.34739e+07
93.6	5.36176e+07
93.7	5.37608e+07
93.8	5.39037e+07
93.9	5.4046e+07
94	5.41879e+07
94.1	5.43293e+07
94.2	5.44703e+07
94.3	5.46109e+07
94.4	5.4751e+07
94.5	5.48906e+07
94.6	5.50298e+07
94.7	5.51685e+07
94.8	5.53068e+07
94.9	5.54446e+07
95	5.5582e+07
95.1	5.5719e+07
95.2	5.58555e+07
95.3	5.59915e+07
95.4	5.61271e+07
95.5	5.62623e+07
95.6	5.6397e+07
95.7	5.65313e+07
95.8	5.66651e+07
95.9	5.67985e+07
96	5.69315e+07
96.1	5.7064e+07
96.2	5.7196e+07
96.3	5.73277e+07
96.4	5.74589e+07
96.5	5.75896e+07
96.6	5.772e+07
96.7	5.78499e+07
96.8	5.79793e+07
96.9	5.81083e+07
97	5.82369e+07
97.1	5.83651e+07
97.2	5.84928e+07
97.3	5.86201e+07
97.4	5.8747e+07
97.5	5.88734e+07
97.6	5.89994e+07
97.7	5.9125e+07
97.8	5.92502e+07
97.9	5.93749e+07
98	5.94992e+07
98.1	5.96231e+07
98.2	5.97465e+07
98.3	5.98695e+07
98.4	5.99921e+07
98.5	6.01143e+07
98.6	6.02361e+07
98.7	6.03574e+07
98.8	6.04784e+07
98.9	6.05989e+07
99	6.07189e+07
99.1	6.08386e+07
99.2	6.09579e+07
99.3	6.10767e+07
99.4	6.11951e+07
99.5	6.13131e+07
99.6	6.14307e+07
99.7	6.15479e+07
99.8	6.16646e+07
99.9	6.1781e+07
100	6.18969e+07
100.1	6.20125e+07
100.2	6.21276e+07
100.3	6.22423e+07
100.4	6.23566e+07
100.5	6.24705e+07
100.6	6.2584e+07
100.7	6.26971e+07
100.8	6.28097e+07
100.9	6.2922e+07
101	6.30339e+07
101.1	6.31453e+07
101.2	6.32564e+07
101.3	6.33671e+07
101.4	6.34773e+07
101.5	6.35872e+07
101.6	6.36966e+07
101.7	6.38057e+07
101.8	6.39144e+07
101.9	6.40226e+07
102	6.41305e+07
102.1	6.4238e+07
102.2	6.43451e+07
102.3	6.44518e+07
102.4	6.4558e+07
102.5	6.46639e+07
102.6	6.47694e+07
102.7	6.48746e+07
102.8	6.49793e+07
102.9	6.50836e+07
103	6.51876e+07
103.1	6.52911e+07
103.2	6.53943e+07
103.3	6.54971e+07
103.4	6.55995e+07
103.5	6.57015e+07
103.6	6.58031e+07
103.7	6.59043e+07
103.8	6.60052e+07
103.9	6.61057e+07
104	6.62058e+07
104.1	6.63055e+07
104.2	6.64048e+07
104.3	6.65038e+07
104.4	6.66023e+07
104.5	6.67005e+07
104.6	6.67983e+07
104.7	6.68958e+07
104.8	6.69928e+07
104.9	6.70895e+07
105	6.71858e+07
105.1	6.72818e+07
105.2	6.73774e+07
105.3	6.74725e+07
105.4	6.75674e+07
105.5	6.76618e+07
105.6	6.77559e+07
105.7	6.78496e+07
105.8	6.79429e+07
105.9	6.80359e+07
106	6.81285e+07
106.1	6.82208e+07
106.2	6.83126e+07
106.3	6.84042e+07
106.4	6.84953e+07
106.5	6.85861e+07
106.6	6.86765e+07
106.7	6.87665e+07
106.8	6.88562e+07
106.9	6.89456e+07
107	6.90345e+07
107.1	6.91232e+07
107.2	6.92114e+07
107.3	6.92993e+07
107.4	6.93868e+07
107.5	6.9474e+07
107.6	6.95609e+07
107.7	6.96473e+07
107.8	6.97334e+07
107.9	6.98192e+07
108	6.99046e+07
108.1	6.99897e+07
108.2	7.00744e+07
108.3	7.01588e+07
108.4	7.02428e+07
108.5	7.03264e+07
108.6	7.04097e+07
108.7	7.04927e+07
108.8	7.05753e+07
108.9	7.06576e+07
109	7.07395e+07
109.1	7.08211e+07
109.2	7.09023e+07
109.3	7.09832e+07
109.4	7.10638e+07
109.5	7.1144e+07
109.6	7.12238e+07
109.7	7.13033e+07
109.8	7.13825e+07
109.9	7.14614e+07
110	7.15399e+07
110.1	7.16181e+07
110.2	7.16959e+07
110.3	7.17734e+07
110.4	7.18506e+07
110.5	7.19274e+07
110.6	7.20039e+07
110.7	7.208e+07
110.8	7.21559e+07
110.9	7.22314e+07
111	7.23065e+07
111.1	7.23814e+07
111.2	7.24559e+07
111.3	7.25301e+07
111.4	7.26039e+07
111.5	7.26774e+07
111.6	7.27506e+07
111.7	7.28235e+07
111.8	7.2896e+07
111.9	7.29683e+07
112	7.30402e+07
112.1	7.31117e+07
112.2	7.3183e+07
112.3	7.32539e+07
112.4	7.33245e+07
112.5	7.33948e+07
112.6	7.34648e+07
112.7	7.35344e+07
112.8	7.36038e+07
112.9	7.36728e+07
113	7.37415e+07
113.1	7.38099e+07
113.2	7.38779e+07
113.3	7.39457e+07
113.4	7.40131e+07
113.5	7.40803e+07
113.6	7.41471e+07
113.7	7.42136e+07
113.8	7.42798e+07
113.9	7.43457e+07
114	7.44112e+07
114.1	7.44765e+07
114.2	7.45415e+07
114.3	7.46061e+07
114.4	7.46705e+07
114.5	7.47345e+07
114.6	7.47983e+07
114.7	7.48617e+07
114.8	7.49248e+07
114.9	7.49876e+07
115	7.50502e+07
115.1	7.51124e+07
115.2	7.51743e+07
115.3	7.5236e+07
115.4	7.52973e+07
115.5	7.53583e+07
115.6	7.5419e+07
115.7	7.54795e+07
115.8	7.55396e+07
115.9	7.55995e+07
116	7.5659e+07
116.1	7.57183e+07
116.2	7.57772e+07
116.3	7.58359e+07
116.4	7.58943e+07
116.5	7.59523e+07
116.6	7.60101e+07
116.7	7.60677e+07
116.8	7.61249e+07
116.9	7.61818e+07
117	7.62384e+07
117.1	7.62948e+07
117.2	7.63509e+07
117.3	7.64067e+07
117.4	7.64622e+07
117.5	7.65174e+07
117.6	7.65723e+07
117.7	7.6627e+07
117.8	7.66813e+07
117.9	7.67354e+07
118	7.67892e+07
118.1	7.68428e+07
118.2	7.6896e+07
118.3	7.6949e+07
118.4	7.70017e+07
118.5	7.70541e+07
118.6	7.71063e+07
118.7	7.71582e+07
118.8	7.72097e+07
118.9	7.72611e+07
119	7.73121e+07
119.1	7.73629e+07
119.2	7.74134e+07
119.3	7.74637e+07
119.4	7.75136e+07
119.5	7.75633e+07
119.6	7.76128e+07
119.7	7.76619e+07
119.8	7.77108e+07
119.9	7.77595e+07
120	7.78078e+07
120.1	7.78559e+07
120.2	7.79038e+07
120.3	7.79513e+07
120.4	7.79986e+07
120.5	7.80457e+07
120.6	7.80925e+07
120.7	7.8139e+07
120.8	7.81853e+07
120.9	7.82313e+07
121	7.8277e+07
121.1	7.83225e+07
121.2	7.83678e+07
121.3	7.84128e+07
121.4	7.84575e+07
121.5	7.8502e+07
121.6	7.85462e+07
121.7	7.85902e+07
121.8	7.86339e+07
121.9	7.86773e+07
122	7.87205e+07
122.1	7.87635e+07
122.2	7.88062e+07
122.3	7.88487e+07
122.4	7.88909e+07
122.5	7.89329e+07
122.6	7.89746e+07
122.7	7.90161e+07
122.8	7.90573e+07
122.9	7.90983e+07
123	7.9139e+07
123.1	7.91795e+07
123.2	7.92198e+07
123.3	7.92598e+07
123.4	7.92996e+07
123.5	7.93391e+07
123.6	7.93784e+07
123.7	7.94175e+07
123.8	7.94563e+07
123.9	7.94949e+07
124	7.95333e+07
124.1	7.95714e+07
124.2	7.96093e+07
124.3	7.96469e+07
124.4	7.96843e+07
124.5	7.97215e+07
124.6	7.97584e+07
124.7	7.97952e+07
124.8	7.98316e+07
124.9	7.98679e+07
125	7.99039e+07
125.1	7.99397e+07
125.2	7.99753e+07
125.3	8.00107e+07
125.4	8.00458e+07
125.5	8.00807e+07
125.6	8.01153e+07
125.7	8.01498e+07
125.8	8.0184e+07
125.9	8.0218e+07
126	8.02518e+07
126.1	8.02853e+07
126.2	8.03187e+07
126.3	8.03518e+07
126.4	8.03847e+07
126.5	8.04174e+07
126.6	8.04499e+07
126.7	8.04821e+07
126.8	8.05141e+07
126.9	8.0546e+07
127	8.05776e+07
127.1	8.0609e+07
127.2	8.06401e+07
127.3	8.06711e+07
127.4	8.07018e+07
127.5	8.07324e+07
127.6	8.07627e+07
127.7	8.07928e+07
127.8	8.08228e+07
127.9	8.08525e+07
128	8.0882e+07
128.1	8.09113e+07
128.2	8.09404e+07
128.3	8.09692e+07
128.4	8.09979e+07
128.5	8.10264e+07
128.6	8.10547e+07
128.7	8.10827e+07
128.8	8.11106e+07
128.9	8.11383e+07
129	8.11658e+07
129.1	8.1193e+07
129.2	8.12201e+07
129.3	8.1247e+07
129.4	8.12737e+07
129.5	8.13001e+07
129.6	8.13264e+07
129.7	8.13525e+07
129.8	8.13784e+07
129.9	8.14041e+07
130	8.14296e+07
130.1	8.1455e+07
130.2	8.14801e+07
130.3	8.1505e+07
130.4	8.15298e+07
130.5	8.15543e+07
130.6	8.15787e+07
130.7	8.16029e+07
130.8	8.16269e+07
130.9	8.16507e+07
131	8.16743e+07
131.1	8.16978e+07
131.2	8.17211e+07
131.3	8.17441e+07
131.4	8.1767e+07
131.5	8.17897e+07
131.6	8.18123e+07
131.7	8.18346e+07
131.8	8.18568e+07
131.9	8.18788e+07
132	8.19006e+07
132.1	8.19223e+07
132.2	8.19437e+07
132.3	8.1965e+07
132.4	8.19861e+07
132.5	8.20071e+07
132.6	8.20278e+07
132.7	8.20484e+07
132.8	8.20688e+07
132.9	8.20891e+07
133	8.21092e+07
133.1	8.21291e+07
133.2	8.21488e+07
133.3	8.21684e+07
133.4	8.21878e+07
133.5	8.2207e+07
133.6	8.22261e+07
133.7	8.2245e+07
133.8	8.22637e+07
133.9	8.22823e+07
134	8.23007e+07
134.1	8.2319e+07
134.2	8.23371e+07
134.3	8.2355e+07
134.4	8.23728e+07
134.5	8.23904e+07
134.6	8.24078e+07
134.7	8.24251e+07
134.8	8.24422e+07
134.9	8.24592e+07
135	8.2476e+07
135.1	8.24927e+07
135.2	8.25092e+07
135.3	8.25256e+07
135.4	8.25418e+07
135.5	8.25578e+07
135.6	8.25737e+07
135.7	8.25895e+07
135.8	8.26051e+07
135.9	8.26205e+07
136	8.26358e+07
136.1	8.2651e+07
136.2	8.2666e+07
136.3	8.26808e+07
136.4	8.26956e+07
136.5	8.27101e+07
136.6	8.27245e+07
136.7	8.27388e+07
136.8	8.2753e+07
136.9	8.2767e+07
137	8.27808e+07
137.1	8.27945e+07
137.2	8.28081e+07
137.3	8.28215e+07
137.4	8.28348e+07
137.5	8.2848e+07
137.6	8.2861e+07
137.7	8.28739e+07
137.8	8.28866e+07
137.9	8.28993e+07
138	8.29117e+07
138.1	8.29241e+07
138.2	8.29363e+07
138.3	8.29484e+07
138.4	8.29603e+07
138.5	8.29721e+07
138.6	8.29838e+07
138.7	8.29954e+07
138.8	8.30068e+07
138.9	8.30181e+07
139	8.30293e+07
139.1	8.30404e+07
139.2	8.30513e+07
139.3	8.30621e+07
139.4	8.30728e+07
139.5	8.30833e+07
139.6	8.30938e+07
139.7	8.31041e+07
139.8	8.31143e+07
139.9	8.31243e+07
140	8.31343e+07
140.1	8.31441e+07
140.2	8.31538e+07
140.3	8.31634e+07
140.4	8.31729e+07
140.5	8.31823e+07
140.6	8.31915e+07
140.7	8.32006e+07
140.8	8.32097e+07
140.9	8.32186e+07
141	8.32274e+07
141.1	8.3236e+07
141.2	8.32446e+07
141.3	8.32531e+07
141.4	8.32614e+07
141.5	8.32697e+07
141.6	8.32778e+07
141.7	8.32858e+07
141.8	8.32938e+07
141.9	8.33016e+07
142	8.33093e+07
142.1	8.33169e+07
142.2	8.33244e+07
142.3	8.33318e+07
142.4	8.33391e+07
142.5	8.33463e+07
142.6	8.33534e+07
142.7	8.33604e+07
142.8	8.33673e+07
142.9	8.33741e+07
143	8.33808e+07
143.1	8.33874e+07
143.2	8.33939e+07
143.3	8.34003e+07
143.4	8.34066e+07
143.5	8.34129e+07
143.6	8.3419e+07
143.7	8.3425e+07
143.8	8.3431e+07
143.9	8.34368e+07
144	8.34426e+07
144.1	8.34483e+07
144.2	8.34539e+07
144.3	8.34594e+07
144.4	8.34648e+07
144.5	8.34701e+07
144.6	8.34753e+07
144.7	8.34805e+07
144.8	8.34856e+07
144.9	8.34905e+07
145	8.34954e+07
145.1	8.35003e+07
145.2	8.3505e+07
145.3	8.35097e+07
145.4	8.35142e+07
145.5	8.35187e+07
145.6	8.35231e+07
145.7	8.35275e+07
145.8	8.35317e+07
145.9	8.35359e+07
146	8.354e+07
146.1	8.35441e+07
146.2	8.3548e+07
146.3	8.35519e+07
146.4	8.35557e+07
146.5	8.35595e+07
146.6	8.35632e+07
146.7	8.35668e+07
146.8	8.35703e+07
146.9	1.17611e+08
147	1.17614e+08
147.1	1.17618e+08
147.2	1.17621e+08
147.3	1.17624e+08
147.4	1.17627e+08
147.5	1.1763e+08
147.6	1.17633e+08
147.7	1.17636e+08
147.8	1.17639e+08
147.9	1.17642e+08
148	1.17645e+08
148.1	1.17647e+08
148.2	1.1765e+08
148.3	1.17653e+08
148.4	1.17655e+08
148.5	1.17657e+08
148.6	1.1766e+08
148.7	1.17662e+08
148.8	1.17664e+08
148.9	1.17667e+08
149	1.17669e+08
149.1	1.17671e+08
149.2	1.17673e+08
149.3	1.17675e+08
149.4	1.17677e+08
149.5	1.17679e+08
149.6	1.17681e+08
149.7	1.17683e+08
149.8	1.17684e+08
149.9	1.17686e+08
150	1.17688e+08
150.1	1.17689e+08
150.2	1.17691e+08
150.3	1.17692e+08
150.4	1.17694e+08
150.5	1.17695e+08
150.6	1.17697e+08
150.7	1.17698e+08
150.8	1.17699e+08
150.9	1.177e+08
151	1.17702e+08
151.1	1.17703e+08
151.2	1.17704e+08
151.3	1.17705e+08
151.4	1.17706e+08
151.5	1.17707e+08
151.6	1.17708e+08
151.7	1.17709e+08
151.8	1.1771e+08
151.9	1.17711e+08
152	1.17712e+08
152.1	1.17713e+08
152.2	1.17713e+08
152.3	1.17714e+08
152.4	1.17715e+08
152.5	1.17715e+08
152.6	1.17716e+08
152.7	1.17717e+08
152.8	1.17717e+08
152.9	1.17718e+08
153	1.17718e+08
153.1	1.17719e+08
153.2	1.17719e+08
153.3	1.1772e+08
153.4	1.1772e+08
153.5	1.17721e+08
153.6	1.17721e+08
153.7	1.17721e+08
153.8	1.17722e+08
153.9	1.17722e+08
154	1.17722e+08
154.1	1.17723e+08
154.2	1.17723e+08
154.3	1.17723e+08
154.4	1.17723e+08
154.5	1.17724e+08
154.6	1.17724e+08
154.7	1.17724e+08
154.8	1.17724e+08
154.9	1.17724e+08
155	1.17724e+08
155.1	1.17725e+08
155.2	1.17725e+08
155.3	1.17725e+08
155.4	1.17725e+08
155.5	1.17725e+08
155.6	1.17725e+08
155.7	1.17725e+08
155.8	1.17725e+08
155.9	1.17725e+08
156	1.17725e+08
156.1	1.17725e+08
156.2	1.17725e+08
156.3	1.17725e+08
156.4	1.17725e+08
156.5	1.17725e+08
156.6	1.17725e+08
156.7	1.17725e+08
156.8	1.17725e+08
156.9	-1.17725e+08
