Position(m)	Slope(deg)
0	-1.6884
0.1	1.29377
0.2	0.271965
0.3	-1.78658
0.4	0.418422
0.5	-10.8238
0.6	-3.19224
0.7	12.3188
0.8	-9.48093
0.9	-2.76114
1	12.269
1.1	-9.6433
1.2	-2.51958
1.3	12.1906
1.4	-9.8052
1.5	-2.27749
1.6	12.1078
1.7	-9.96353
1.8	-2.03456
1.9	12.0205
2	-10.1182
2.1	-1.7909
2.2	11.9288
2.3	-10.2692
2.4	-1.54658
2.5	11.8328
2.6	-10.4165
2.7	-1.30169
2.8	11.7325
2.9	-10.5599
3	-1.05634
3.1	11.6279
3.2	-10.6996
3.3	-0.810592
3.4	11.5191
3.5	-10.8353
3.6	-0.564552
3.7	11.406
3.8	-10.967
3.9	-0.318307
4	11.2888
4.1	-11.0948
4.2	-0.0719451
4.3	11.1675
4.4	-11.2185
4.5	0.174443
4.6	11.0421
4.7	-11.338
4.8	0.42111
4.9	10.9154
5	-11.4321
5.1	0.837109
5.2	12.1267
5.3	-0.896313
5.4	5.32554
5.5	0.573311
5.6	-3.58944
5.7	3.90491
5.8	-0.945522
5.9	-2.79518
6	4.21541
6.1	-2.13543
6.2	-1.71764
6.3	4.14451
6.4	-3.1301
6.5	-0.483319
6.6	3.69542
6.7	-3.83912
6.8	0.795107
6.9	2.90911
7	-4.19782
7.1	2.00098
7.2	1.85733
7.3	-4.17344
7.4	3.02425
7.5	0.636056
7.6	-3.76823
7.7	3.77155
7.8	-0.643256
7.9	-3.01915
8	4.17468
8.1	-1.86387
8.2	-1.99455
8.3	4.19685
8.4	-2.9144
8.5	-0.787952
8.6	3.83604
8.7	-3.69897
8.8	0.490554
8.9	3.12519
9	-4.14601
9.1	1.7243
9.2	2.12914
9.3	-4.2147
9.4	2.80069
9.5	0.938804
9.6	-3.89878
9.7	3.62151
9.8	-0.337203
9.9	-3.22709
10	4.11185
10.1	-1.58244
10.2	-2.26091
10.3	4.22697
10.4	-2.68327
10.5	-1.08841
10.6	3.95636
10.7	-3.53924
10.8	0.183405
10.9	3.32472
11	-4.07225
11.1	1.43849
11.2	2.38968
11.3	-4.23364
11.4	2.5623
11.5	1.23658
11.6	-4.0087
11.7	3.45229
11.8	-0.0293641
11.9	-3.41795
12	4.02725
12.1	-1.29263
12.2	-2.5153
12.3	4.23471
12.4	-2.43794
12.5	-1.38311
12.6	4.05573
12.7	-3.36078
12.8	-0.124715
12.9	3.50665
13	-3.97693
13.1	1.14506
13.2	2.63758
13.3	-4.23017
13.4	2.31035
13.5	1.52781
13.6	-4.09739
13.7	3.26481
13.8	0.27863
13.9	-3.59071
14	3.92134
14.1	-0.995979
14.2	-2.75637
14.3	4.22003
14.4	-2.1797
14.5	-1.67049
14.6	4.13363
14.7	-3.16452
14.8	-0.432176
14.9	3.67002
15	-3.86056
15.1	0.845577
15.2	2.87151
15.3	-4.20431
15.4	2.04617
15.5	1.81096
15.6	-4.1644
15.7	3.06004
15.8	0.585149
15.9	-3.74447
16	3.79467
16.1	-0.694056
16.2	-2.98285
16.3	4.18302
16.4	-1.90993
16.5	-1.94903
16.6	4.18965
16.7	-2.95151
16.8	-0.737351
16.9	3.81394
17	-3.724
17.1	0.539461
17.2	3.0717
17.3	-4.3157
17.4	0.398855
17.5	0.877278
17.6	-1.46959
17.7	0.943733
17.8	0.301472
17.9	-1.31692
18	1.32883
18.1	-0.328124
18.2	-0.922627
18.3	1.4703
18.4	-0.897555
18.5	-0.359163
18.6	1.34219
18.7	-1.30241
18.8	0.270156
18.9	0.967971
19	-1.46847
19.1	0.84994
19.2	0.416274
19.3	-1.36527
19.4	1.27388
19.5	-0.211749
19.6	-1.01175
19.7	1.46425
19.8	-0.800947
19.9	-0.47271
20	1.38614
20.1	-1.24329
20.2	0.152999
20.3	1.05388
20.4	-1.45766
20.5	0.750655
20.6	0.528379
20.7	-1.40477
20.8	1.21067
20.9	-0.0940016
21	-1.0943
21.1	1.44871
21.2	-0.699147
21.3	-0.583192
21.4	1.42112
21.5	-1.1761
21.6	0.0348514
21.7	1.13296
21.8	-1.43741
21.9	0.646505
22	0.637059
22.1	-1.43516
22.2	1.13962
22.3	0.0243553
22.4	-1.16977
22.5	1.42378
22.6	-0.592814
22.7	-0.689894
22.8	1.44688
22.9	-1.10129
23	-0.0835226
23.1	1.20469
23.2	-1.40784
23.3	0.538163
23.4	0.741609
23.5	-1.45625
23.6	1.06117
23.7	0.142554
23.8	-1.23765
23.9	1.38961
24	-0.482639
24.1	-0.792123
24.2	1.46326
24.3	-1.01934
24.4	-0.201355
24.5	1.26861
24.6	-1.36914
24.7	0.426332
24.8	0.841352
24.9	-1.46789
25	0.975849
25.1	0.259829
25.2	-1.29751
25.3	1.34644
25.4	-0.369334
25.5	-0.889216
25.6	1.47015
25.7	-0.930778
25.8	-0.317882
25.9	1.3243
26	-1.32156
26.1	0.311737
26.2	0.935639
26.3	-1.47002
26.4	0.884198
26.5	0.37542
26.6	-1.34895
26.7	1.29454
26.8	-0.253635
26.9	-0.980546
27	1.46751
27.1	-0.836185
27.2	-0.432349
27.3	1.37142
27.4	-1.26542
27.5	0.195122
27.6	1.02386
27.7	-1.46263
27.8	0.786815
27.9	0.488576
28	-1.39166
28.1	1.23424
28.2	-0.136292
28.3	-1.06552
28.4	1.45536
28.5	-0.73617
28.6	-0.544012
28.7	1.40964
28.8	-1.20107
28.9	0.0772411
29	1.10545
29.1	-1.44574
29.2	0.684332
29.3	0.598566
29.4	-1.42533
29.5	1.16595
29.6	-0.0180651
29.7	-1.14358
29.8	1.43378
29.9	-0.631384
30	-0.652149
30.1	1.43872
30.2	-1.12893
30.3	-0.0411402
30.4	1.17986
30.5	-1.41949
30.6	0.577412
30.7	0.704675
30.8	-1.44977
30.9	1.09009
31	0.100279
31.1	-1.21423
31.2	1.4029
31.3	-0.522504
31.4	-0.756058
31.5	1.45848
31.6	-1.04948
31.7	-0.159255
31.8	1.24663
31.9	-1.38403
32	0.466749
32.1	0.806215
32.2	-1.46481
32.3	1.00717
32.4	0.217973
32.5	-1.27701
32.6	1.36292
32.7	-0.410237
32.8	-0.855065
32.9	1.46878
33	-0.963227
33.1	-0.276337
33.2	1.30532
33.3	-1.3396
33.4	0.353059
33.5	0.902529
33.6	-1.47036
33.7	0.91772
33.8	0.334253
33.9	-1.33151
34	1.31411
34.1	-0.29531
34.2	-0.94853
34.3	1.46956
34.4	-0.870726
34.5	-0.391628
34.6	1.35555
34.7	-1.28649
34.8	0.237081
34.9	0.992992
35	-1.46637
35.1	0.82232
35.2	0.448367
35.3	-1.37738
35.4	1.25678
35.5	-0.178469
35.6	-1.03584
35.7	1.46081
35.8	-0.772581
35.9	-0.504379
36	1.39698
36.1	-1.22504
36.2	0.119567
36.3	1.07702
36.4	-1.45288
36.5	0.721589
36.6	0.559574
36.7	-1.41432
36.8	1.1913
36.9	-0.0604705
37	-1.11644
37.1	1.44259
37.2	-0.669428
37.3	-0.613862
37.4	1.42937
37.5	-1.15564
37.6	0.00127644
37.7	1.15406
37.8	-1.42996
37.9	0.61618
38	0.667154
38.1	-1.44209
38.2	1.1181
38.3	0.0579197
38.4	-1.18981
38.5	1.41502
38.6	-0.561934
38.7	-0.719364
38.8	1.45248
38.9	-1.07875
39	-0.117022
39.1	1.22362
39.2	-1.39778
39.3	0.506777
39.4	0.770408
39.5	-1.46051
39.6	1.03766
39.7	0.175934
39.8	-1.25546
39.9	1.37827
40	-0.450798
40.1	-0.820203
40.2	1.46618
40.3	-0.994874
40.4	-0.234562
40.5	1.28525
40.6	-1.35653
40.7	0.394088
40.8	0.868668
40.9	-1.46947
41	0.950479
41.1	0.292809
41.2	-1.31297
41.3	1.33259
41.4	-0.336739
41.5	-0.915724
41.6	1.47037
41.7	-0.904543
41.8	-0.350581
41.9	1.33855
42	-1.30649
42.1	0.278844
42.2	0.961296
42.3	-1.46889
42.4	0.857141
42.5	0.407784
42.6	-1.36196
42.7	1.27828
42.8	-0.220497
42.9	-1.00531
43	1.46503
43.1	-0.808349
43.2	-0.464327
43.3	1.38317
43.4	-1.24799
43.5	0.161792
43.6	1.04769
43.7	-1.4588
43.8	0.758246
43.9	0.520117
44	-1.40213
44.1	1.21567
44.2	-0.102826
44.3	-1.08838
44.4	1.4502
44.5	-0.706914
44.6	-0.575063
44.7	1.41882
44.8	-1.18139
44.9	0.043692
45	1.1273
45.1	-1.43925
45.2	0.654436
45.3	0.629077
45.4	-1.43321
45.5	1.14519
45.6	0.0155124
45.7	-1.16439
45.8	1.42596
45.9	-0.600897
46	-0.682071
46.1	1.44528
46.2	-1.10713
46.3	-0.0746916
46.4	1.19959
46.5	-1.41036
46.6	0.546383
46.7	0.73396
46.8	-1.455
46.9	1.06729
47	0.133869
47.1	-1.23179
47.2	1.402
47.3	-0.406039
47.4	-0.026798
47.5	3.54619
47.6	-3.51054
47.7	0.61711
47.8	2.79903
47.9	-3.88014
48	1.72574
48.1	1.86775
48.2	-3.90374
48.3	2.68444
48.4	0.773396
48.5	-3.5863
48.6	3.40862
48.7	-0.388522
48.8	-2.95556
48.9	3.83503
49	-1.5165
49.1	-2.06663
49.2	3.92641
49.3	-2.51199
49.4	-0.997153
49.5	3.67478
49.6	-3.28804
49.7	0.159433
49.8	3.10213
49.9	-3.77685
50	1.30209
50.1	2.25847
50.2	-3.93571
50.3	2.331
50.4	1.21752
50.5	-3.75075
50.6	3.15627
50.7	0.0701988
50.8	-3.23813
50.9	3.70581
51	-1.08325
51.1	-2.44263
51.2	3.93162
51.3	-2.14207
51.4	-1.43373
51.5	3.81396
51.6	-3.01375
51.7	-0.299591
51.8	3.36311
51.9	-3.62216
52	0.860723
52.1	2.61846
52.2	-3.91414
52.3	1.94584
52.4	1.64507
52.5	-3.86418
52.6	2.86098
52.7	0.527964
52.8	-3.47664
52.9	3.52618
53	-0.635265
53.1	-2.78539
53.2	3.88333
53.3	-1.743
53.4	-1.85081
53.5	3.90124
53.6	-2.69846
53.7	-0.75454
53.8	3.57834
53.9	-3.41819
54	0.407645
54.1	2.94283
54.2	-3.83931
54.3	1.53422
54.4	2.05024
54.5	-3.92503
54.6	2.52676
54.7	0.978547
54.8	-3.66785
54.9	3.29857
55	-0.178637
55.1	-3.09026
55.2	3.78221
55.3	-1.32021
55.4	-2.2427
55.5	3.93545
55.6	-2.34646
55.7	-1.19922
55.8	3.74488
55.9	-3.16772
56	-0.0509795
56.1	3.22716
56.2	-3.71225
56.3	1.10172
56.4	2.42752
56.5	-3.93247
56.6	2.15817
56.7	1.41582
56.8	-3.80916
56.9	3.02608
57	0.280422
57.1	-3.35308
57.2	3.62964
57.3	-0.879469
57.4	-2.60408
57.5	3.91611
57.6	-1.96253
57.7	-1.62759
57.8	3.86048
57.9	-2.87415
58	-0.50891
58.1	3.46759
58.2	-3.53468
58.3	0.654227
58.4	2.77178
58.5	-3.88642
58.6	1.76021
58.7	1.83382
58.8	-3.89865
58.9	2.71242
59	0.735666
59.1	-3.57029
59.2	3.42768
59.3	-0.426758
59.4	-2.93003
59.5	3.8435
59.6	-1.5519
59.7	-2.03381
59.8	3.92355
59.9	-2.54147
60	-0.959917
60.1	3.66084
60.2	-3.30902
60.3	0.197836
60.4	3.07832
60.5	-3.78749
60.6	1.33831
60.7	2.22688
60.8	-3.93509
60.9	2.36186
61	1.1809
61.1	-3.73892
61.2	3.17909
61.3	0.0317589
61.4	-3.21612
61.5	3.71859
61.6	-1.12016
61.7	-2.41236
61.8	3.93324
61.9	-2.17422
62	-1.39786
62.1	3.80428
62.2	-3.03834
62.3	-0.261246
62.4	3.34298
62.5	-3.63703
62.6	0.898194
62.7	2.58964
62.8	-3.91799
62.9	1.97917
63	1.61007
63.1	-3.85668
63.2	2.88724
63.3	0.489844
63.4	-3.45845
63.5	3.54309
63.6	-0.673173
63.7	-2.7581
63.8	3.88941
63.9	-1.77738
64	-1.81679
64.1	3.89596
64.2	-2.72632
64.3	-0.716774
64.4	3.56216
64.5	-3.43709
64.6	0.445861
64.7	2.91717
64.8	-3.84759
64.9	1.56955
65	2.01733
65.1	-3.92197
65.2	2.55612
65.3	0.941264
65.4	-3.65373
65.5	3.31939
65.6	-0.217031
65.7	-3.0663
65.8	3.79267
65.9	-1.35637
66	-2.211
66.1	3.93464
66.2	-2.37721
66.3	-1.16255
66.4	3.73287
66.5	-3.19038
66.6	-0.0125376
66.7	3.205
66.8	-3.72484
66.9	1.13857
67	2.39715
67.1	-3.93391
67.2	2.19021
67.3	1.37988
67.4	-3.7993
67.5	3.05052
67.6	0.242064
67.7	-3.33279
67.8	3.64433
67.9	-0.916898
68	-2.57513
68.1	3.91978
68.2	-1.99576
68.3	-1.59251
68.4	3.8528
68.5	-2.90027
68.6	-0.470766
68.7	3.44924
68.8	-3.55142
68.9	0.692104
69	2.74435
69.1	-3.89231
69.2	1.79451
69.3	1.79972
69.4	-3.89318
69.5	2.74015
69.6	0.697865
69.7	-3.55394
69.8	3.44641
69.9	-0.464954
70	-2.90423
70.1	3.8516
70.2	-1.58715
70.3	-2.0008
70.4	3.92031
70.5	-2.5707
70.6	-0.922589
70.7	3.64654
70.8	-3.32967
70.9	0.236221
71	3.05422
71.1	-3.79777
71.2	1.37439
71.3	2.19507
71.4	-3.93409
71.5	2.3925
71.6	1.14417
71.7	-3.72673
71.8	3.2016
71.9	-0.00668405
72	-3.19381
72.1	3.73101
72.2	-1.15696
72.3	-2.38187
72.4	3.93448
72.5	-2.20616
72.6	-1.36186
72.7	3.79424
72.8	-3.06263
72.9	-0.222876
73	3.32253
73.1	-3.65155
73.2	0.93558
73.3	2.56056
73.4	-3.92148
73.5	2.0123
73.6	1.57491
73.7	-3.84882
73.8	2.91323
73.9	0.451677
74	-3.43994
74.1	3.55966
74.2	-0.711018
74.3	-2.73054
74.4	3.89512
74.5	-1.8116
74.6	-1.7826
74.7	3.89031
74.8	-2.75392
74.9	-0.67894
75	3.54564
75.1	-3.45566
75.2	0.484035
75.3	2.89122
75.4	-3.85551
75.5	1.60473
75.6	1.98423
75.7	-3.91855
75.8	2.58523
75.9	0.903892
76	-3.63926
76.1	3.33988
76.2	-0.255405
76.3	-3.04205
76.4	3.80277
76.5	-1.39239
76.6	-2.17909
76.7	3.93345
76.8	-2.40774
76.9	-1.12577
77	3.7205
77.1	-3.21274
77.2	0.0259055
77.3	3.18254
77.4	-3.73709
77.5	1.17532
77.6	2.36654
77.7	-3.93496
77.8	2.22205
77.9	1.34381
78	-3.78908
78.1	3.07467
78.2	0.203682
78.3	-3.31218
78.4	3.65868
78.5	-0.954239
78.6	-2.54594
78.7	3.92308
78.8	-2.0288
78.9	-1.55728
79	3.84475
79.1	-2.92612
79.2	-0.432577
79.3	3.43055
79.4	-3.56782
79.5	0.729914
79.6	2.71666
79.7	-3.89784
79.8	1.82864
79.9	1.76544
80	-3.88734
80.1	2.76762
80.2	0.659998
80.3	-3.53725
80.4	3.46479
80.5	-0.503361
80.6	-2.88034
80.7	3.84047
80.8	-1.78418
80.9	-3.35806
81	-2.28834
81.1	-1.29403
81.2	2.9448
81.3	-2.2392
81.4	-0.345205
81.5	2.6404
81.6	-2.73395
81.7	0.54766
81.8	2.09532
81.9	-2.99103
82	1.39255
82.1	1.36717
82.2	-2.98681
82.3	2.11578
82.4	0.519582
82.5	-2.72167
82.6	2.65418
82.7	-0.373393
82.8	-2.21876
82.9	2.96071
83	-1.23375
83.1	-1.52203
83.2	3.0086
83.3	-1.98632
83.4	-0.692326
83.5	2.79365
83.6	-2.56538
83.7	0.197855
83.8	2.33466
83.9	-2.92032
84	1.07075
84.1	1.6717
84.2	-3.02014
84.3	1.85011
84.4	0.862714
84.5	-2.85613
84.6	2.46784
84.7	-0.021643
84.8	-2.4426
84.9	2.86998
85	-0.904109
85.1	-1.81569
85.2	3.0214
85.3	-1.70759
85.4	-1.03016
85.5	2.90888
85.6	-2.3619
85.7	-0.154643
85.8	2.54223
85.9	-2.80988
86	0.734389
86.1	1.9535
86.2	-3.01238
86.3	1.55926
86.4	1.19411
86.5	-2.95172
86.6	2.24792
86.7	0.330402
86.8	-2.63321
86.9	2.7402
87	-0.562169
87.1	-2.08465
87.2	2.9931
87.3	-1.40563
87.4	-1.35399
87.5	2.98452
87.6	-2.12629
87.7	-0.505036
87.8	2.71522
87.9	-2.66121
88	0.388035
88.1	2.20871
88.2	-2.96364
88.3	1.24721
88.4	1.50926
88.5	-3.00716
88.6	1.99742
88.7	0.677952
88.8	-2.78799
88.9	2.57315
89	-0.21258
89.1	-2.32526
89.2	2.92408
89.3	-1.08454
89.4	-1.65939
89.5	3.01957
89.6	-1.86176
89.7	-0.848559
89.8	2.85127
89.9	-2.47633
90	0.0364011
90.1	2.43388
90.2	-2.87457
90.3	0.918181
90.4	1.80387
90.5	-3.02169
90.6	1.71975
90.7	1.01628
90.8	-2.90484
90.9	2.37108
91	0.139901
91.1	-2.53422
91.2	2.81528
91.3	-0.748696
91.4	-1.94221
91.5	3.01353
91.6	-1.57189
91.7	-1.18054
91.8	2.94852
91.9	-2.25776
92	-0.315728
92.1	2.62593
92.2	-2.7464
92.3	0.576663
92.4	2.07394
92.5	-2.99511
92.6	1.41868
92.7	1.34078
92.8	-2.98217
92.9	2.13676
93	0.490479
93.1	-2.70871
93.2	2.66817
93.3	-0.402667
93.4	-2.19861
93.5	2.96649
93.6	-1.26064
93.7	-1.49645
93.8	3.00566
93.9	-2.00848
94	-0.663561
94.1	2.78226
94.2	-2.58086
94.3	0.227299
94.4	2.3158
94.5	-2.92777
94.6	1.0983
94.7	1.64703
94.8	-3.01892
94.9	1.87336
95	0.834384
95.1	-2.84634
95.2	2.48476
95.3	-0.0511585
95.4	-2.4251
95.5	2.87909
95.6	-0.932231
95.7	-1.79201
95.8	3.02191
95.9	-1.73186
96	-1.00237
96.1	2.90073
96.2	-2.3802
96.3	-0.125157
96.4	2.52615
96.5	-2.82061
96.6	0.762986
96.7	1.93088
96.8	-3.01461
96.9	1.58448
97	1.16694
97.1	-2.94525
97.2	2.26754
97.3	0.301046
97.4	-2.6186
97.5	2.75252
97.6	-0.591144
97.7	-2.06318
97.8	2.99704
97.9	-1.43169
98	-1.32753
98.1	2.97974
98.2	-2.14717
98.3	-0.47591
98.4	2.70213
98.5	-2.67507
98.6	0.417289
98.7	2.18846
98.8	-2.96927
98.9	1.27403
99	1.48361
99.1	-3.00409
99.2	2.01948
99.3	0.649154
99.4	-2.77646
99.5	2.5885
99.6	-0.242014
99.7	-2.30629
99.8	2.9314
99.9	-1.11204
100	-1.63464
100.1	3.01821
100.2	-1.88492
100.3	-0.820188
100.4	2.84135
100.5	-2.49313
100.6	0.0659145
100.7	2.41627
100.8	-2.88354
100.9	0.946259
101	1.7801
101.1	-3.02205
101.2	1.74394
101.3	0.988431
101.4	-2.89656
101.5	2.38927
101.6	0.110409
101.7	-2.51802
101.8	2.82587
101.9	-0.777258
102	-1.91951
102.1	3.01561
102.2	-1.59702
102.3	-1.15331
102.4	2.94191
102.5	-2.27727
102.6	-0.286357
102.7	2.6112
102.8	-2.75858
102.9	0.605611
103	2.05238
103.1	-2.9989
103.2	1.44467
103.3	1.31426
103.4	-2.97724
103.5	2.15753
103.6	0.46133
103.7	-2.69549
103.8	2.6819
103.9	-0.431902
104	-2.17826
104.1	2.97199
104.2	-1.2874
104.3	-1.47074
104.4	3.00244
104.5	-2.03044
104.6	-0.634732
104.7	2.7706
104.8	-2.59609
104.9	0.256722
105	2.29673
105.1	-2.93495
105.2	1.12575
105.3	1.62221
105.4	-3.01742
105.5	1.89643
105.6	0.805974
105.7	-2.83628
105.8	2.50144
105.9	-0.0806691
106	-2.40737
106.1	2.88793
106.2	-0.960265
106.3	-1.76816
106.4	3.02213
106.5	-1.75597
106.6	-0.974472
106.7	2.89231
106.8	-2.39828
106.9	-0.0956588
107	2.50983
107.1	-2.83107
107.2	0.791511
107.3	1.90808
107.4	-3.01654
107.5	1.60953
107.6	1.13965
107.7	-2.93849
107.8	2.28695
107.9	0.271661
108	-2.60374
108.1	2.76458
108.2	-0.620063
108.3	-2.04152
108.4	3.00069
108.5	-1.45762
108.6	-1.30095
108.7	2.97467
108.8	-2.16784
108.9	-0.446738
109	2.68878
109.1	-2.68867
109.2	0.446504
109.3	2.168
109.4	-2.97463
109.5	1.30074
109.6	1.45783
109.7	-3.00072
109.8	2.04134
109.9	0.620295
110	-2.76467
110.1	2.60362
110.2	-0.271425
110.3	-2.28711
110.4	2.93844
110.5	-1.13943
110.6	-1.60974
110.7	3.01656
110.8	-1.9079
110.9	-0.79174
111	2.83116
111.1	-2.50969
111.2	0.0954217
111.3	2.39842
111.4	-2.89224
111.5	0.974247
111.6	1.75617
111.7	-3.02213
111.8	1.76796
111.9	0.96049
112	-2.888
112.1	2.40723
112.2	0.0809062
112.3	-2.50158
112.4	2.8362
112.5	-0.805745
112.6	-1.89662
112.7	3.01741
112.8	-1.62201
112.9	-1.12597
113	2.93501
113.1	-2.29657
113.2	-0.256959
113.3	2.59621
113.4	-2.77051
113.5	0.6345
113.6	2.03061
113.7	-3.00241
113.8	1.47053
113.9	1.28762
114	-2.97203
114.1	2.17809
114.2	0.432136
114.3	-2.68201
114.4	2.69538
114.5	-0.461095
114.6	-2.15769
114.7	2.9772
114.8	-1.31405
114.9	-1.44488
115	2.99893
115.1	-2.0522
115.2	-0.605843
115.3	2.75868
115.4	-2.61108
115.5	0.286121
115.6	2.27743
115.7	-2.94185
115.8	1.15309
115.9	1.59723
116	-3.01563
116.1	1.91932
116.2	0.777487
116.3	-2.82596
116.4	2.51789
116.5	-0.110172
116.6	-2.38941
116.7	2.89649
116.8	-0.988207
116.9	-1.74413
117	3.02206
117.1	-1.77991
117.2	-0.946485
117.3	2.88362
117.4	-2.41612
117.5	-0.0661517
117.6	2.49326
117.7	-2.84127
117.8	0.81996
117.9	1.8851
118	-3.0182
118.1	1.63444
118.2	1.11226
118.3	-2.93146
118.4	2.30614
118.5	0.24225
118.6	-2.58863
118.7	2.77637
118.8	-0.648923
118.9	-2.01966
119	3.00406
119.1	-1.48341
119.2	-1.27425
119.3	2.96932
119.4	-2.1883
119.5	-0.417524
119.6	2.67518
119.7	-2.70202
119.8	0.475676
119.9	2.14733
120	-2.9797
120.1	1.32732
120.2	1.4319
120.3	-2.99707
120.4	2.06301
120.5	0.591376
120.6	-2.75262
120.7	2.61848
120.8	-0.30081
120.9	-2.2677
121	2.9452
121.1	-1.16672
121.2	-1.58468
121.3	3.01462
121.4	-1.9307
121.5	-0.763216
121.6	2.82069
121.7	-2.52602
121.8	0.12492
121.9	2.38035
122	-2.90067
122.1	1.00214
122.2	1.73206
122.3	-3.02191
122.4	1.79182
122.5	0.932457
122.6	-2.87916
122.7	2.42496
122.8	0.0513956
122.9	-2.48489
123	2.84626
123.1	-0.834156
123.2	-1.87355
123.3	3.01891
123.4	-1.64684
123.5	-1.09852
123.6	2.92783
123.7	-2.31565
123.8	-0.227536
123.9	2.58098
124	-2.78217
124.1	0.663329
124.2	2.00865
124.3	-3.00564
124.4	1.49625
124.5	1.26085
124.6	-2.96654
124.7	2.19845
124.8	0.402902
124.9	-2.66828
125	2.7086
125.1	-0.490245
125.2	-2.13692
125.3	2.98213
125.4	-1.34056
125.5	-1.41889
125.6	2.99514
125.7	-2.07377
125.8	-0.576896
125.9	2.7465
126	-2.62582
126.1	0.315492
126.2	2.25792
126.3	-2.94847
126.4	1.18032
126.5	1.57209
126.6	-3.01355
126.7	1.94203
126.8	0.748926
126.9	-2.81536
127	2.53409
127.1	-0.139664
127.2	-2.37123
127.3	2.90477
127.4	-1.01605
127.5	-1.71994
127.6	3.0217
127.7	-1.80368
127.8	-0.918407
127.9	2.87464
128	-2.43374
128.1	-0.0366383
128.2	2.47646
128.3	-2.85119
128.4	0.848331
128.5	1.86194
128.6	-3.01956
128.7	1.65919
128.8	1.08476
128.9	-2.92414
129	2.3251
129.1	0.212816
129.2	-2.57327
129.3	2.7879
129.4	-0.67772
129.5	-1.9976
129.6	3.00714
129.7	-1.50905
129.8	-1.24742
129.9	2.96368
130	-2.20855
130.1	-0.38827
130.2	2.66132
130.3	-2.71512
130.4	0.504802
130.5	2.12646
130.6	-2.98449
130.7	1.35378
130.8	1.40584
130.9	-2.99314
131	2.08448
131.1	0.562402
131.2	-2.7403
131.3	2.63309
131.4	-0.330166
131.5	-2.24808
131.6	2.95167
131.7	-1.19389
131.8	-1.55947
131.9	3.0124
132	-1.95332
132.1	-0.734619
132.2	2.80996
132.3	-2.5421
132.4	0.154406
132.5	2.36205
132.6	-2.90881
132.7	1.02994
132.8	1.70779
132.9	-3.02141
133	1.8155
133.1	0.904335
133.2	-2.87006
133.3	2.44246
133.4	0.0218801
133.5	-2.46798
133.6	2.85605
133.7	-0.862486
133.8	-1.8503
133.9	3.02013
134	-1.67151
134.1	-1.07097
134.2	2.92038
134.3	-2.3345
134.4	-0.198092
134.5	2.5655
134.6	-2.79356
134.7	0.692095
134.8	1.9865
134.9	-3.00857
135	1.52182
135.1	1.23397
135.2	-2.96076
135.3	2.2186
135.4	0.373629
135.5	-2.65429
135.6	2.72156
135.7	-0.519348
135.8	-2.11595
135.9	2.98677
136	-1.36695
136.1	-1.39276
136.2	2.99106
136.3	-2.09514
136.4	-0.547894
136.5	2.73405
136.6	-2.6403
136.7	0.344833
136.8	2.23819
136.9	-2.95481
137	1.20743
137.1	1.54681
137.2	-3.01118
137.3	1.96456
137.4	0.720294
137.5	-2.8045
137.6	2.55005
137.7	-0.169143
137.8	-2.35281
137.9	2.91278
138	-1.0438
138.1	-1.69559
138.2	3.02105
138.3	-1.82728
138.4	-0.890242
138.5	2.8654
138.6	-2.45112
138.7	-0.00712145
138.8	2.45943
138.9	-2.86084
139	0.876621
139.1	1.8386
139.2	-3.02063
139.3	1.68378
139.4	1.05716
139.5	-2.91655
139.6	2.34385
139.7	0.183362
139.8	-2.55767
139.9	2.79916
140	-0.706454
140.1	-1.97536
140.2	3.00993
140.3	-1.53455
140.4	-1.22048
140.5	2.95776
140.6	-2.2286
140.7	-0.358979
140.8	2.6472
140.9	-2.72795
141	0.533881
141.1	2.10539
141.2	-2.98899
141.3	1.3801
141.4	1.37964
141.5	-2.98891
141.6	2.10576
141.7	0.533373
141.8	-2.72773
141.9	2.64745
142	-0.359491
142.1	-2.22825
142.2	2.95787
142.3	-1.22095
142.4	-1.53411
142.5	3.00989
142.6	-1.97575
142.7	-0.705952
142.8	2.79896
142.9	-2.55794
143	0.183877
143.1	2.34352
143.2	-2.91668
143.3	1.05764
143.4	1.68335
143.5	-3.02062
143.6	1.83901
143.7	0.876127
143.8	-2.86067
143.9	2.45973
144	-0.00763741
144.1	-2.45082
144.2	2.86556
144.3	-0.890735
144.4	-1.82687
144.5	3.02106
144.6	-1.69602
144.7	-1.04332
144.8	2.91264
144.9	-2.35314
145	-0.168628
145.1	2.54978
145.2	-2.80469
145.3	0.720795
145.4	1.96416
145.5	-3.01122
145.6	1.54725
145.7	1.20696
145.8	-2.9547
145.9	2.23854
146	0.34432
146.1	-2.64005
146.2	2.73427
146.3	-0.548398
146.4	-2.09475
146.5	2.99136
146.6	-1.39125
146.7	-1.34965
146.8	3.13133
146.9	-0.874331
147	-0.129365
147.1	1.3146
147.2	-1.42081
147.3	0.399625
147.4	0.940124
147.5	-1.53139
147.6	0.903533
147.7	0.44363
147.8	-1.43762
147.9	1.28713
148	-0.111955
148.1	-1.15234
148.2	1.49926
148.3	-0.652626
148.4	-0.713565
148.5	1.51169
148.6	-1.10636
148.7	-0.179736
148.8	1.32275
148.9	-1.41272
149	0.378036
149.1	0.957605
149.2	-1.5309
149.3	0.88545
149.4	0.464904
149.5	-1.44515
149.6	1.27492
149.7	-0.0897265
149.8	-1.16689
149.9	1.49455
150	-0.632405
150.1	-0.7332
150.2	1.51511
150.3	-1.09084
150.4	-0.201839
150.5	1.33384
150.6	-1.40397
150.7	0.356409
150.8	0.974889
150.9	-1.53008
151	0.86718
151.1	0.48608
151.2	-1.45237
151.3	1.26244
151.4	-0.0674792
151.5	-1.1812
151.6	1.48953
151.7	-0.612049
151.8	-0.75268
151.9	1.5182
152	-1.07509
152.1	-0.223899
152.2	1.34464
152.3	-1.39492
152.4	0.334707
152.5	0.991966
152.6	-1.52894
152.7	0.848727
152.8	0.507153
152.9	-1.45929
153	1.24969
153.1	-0.0452176
153.2	-1.19525
153.3	1.48419
153.4	-0.591564
153.5	-0.772001
153.6	1.52098
153.7	-1.05911
153.8	-0.245912
153.9	1.35517
154	-1.38558
154.1	0.312934
154.2	1.00883
154.3	-1.52747
154.4	0.830095
154.5	0.528118
154.6	-1.4659
154.7	1.23668
154.8	-0.0229465
154.9	-1.20906
155	1.47853
155.1	-0.570955
155.2	-0.791159
155.3	1.52343
155.4	-1.04291
155.5	-0.267873
155.6	1.3654
155.7	-1.37594
155.8	0.291094
155.9	1.02549
156	-1.52568
156.1	0.811286
156.2	0.548971
156.3	-1.4722
156.4	1.22335
156.5	-0.00122714
156.6	-1.22748
156.7	1.42984
156.8	-0.924544
156.9	-4.08955
